self.CameraPose.append((np.asarray([
    [0.07543147, 0.61393189, -0.78574661, 1.3405],
    [0.9970987, -0.03837025, 0.06574118, 0.6266],
    [0.01021131, -0.78842588, -0.61504501, 1.6575],
    [0, 0, 0, 1]])))

# [1] stores right camera in world frame
self.CameraPose.append((np.asarray([
    [6.40527011e-02, 6.40832173e-01, -7.65004168e-01, 1.3160],
    [9.97946496e-01, -4.09736058e-02, 4.92336713e-02, 0.6254],
    [2.05541383e-04, -7.66586779e-01, -6.42140692e-01, 1.6196],
    [0,               0,              0,      1]])))

# [2] stores right camera in world frame
self.CameraPose.append((np.asarray([
    [0.06014656,  0.64445928, -0.76223064, 1.2991],
    [0.99811176, -0.04628434,  0.03955888, 0.6257],
    [-0.00980952, -0.76319344, -0.64601554, 1.6118],
    [0,           0,           0,      1]])))

self.CameraPose.append((np.asarray([
    [0.0571503,   0.64721842, -0.76015084, 1.2922],
    [0.99829714, -0.0455217,   0.03628132, 0.6256],
    [-0.01112668, -0.76093484, -0.64871556, 1.6041],
    [0,           0,           0,      1]])))

self.CameraPose.append((np.asarray([
    [0.0498584,  0.68361992, -0.72806904, 1.1501],
    [0.99869048, -0.02954248,  0.04053816, 0.6226],
    [0.00616824, -0.72917064, -0.68418312, 1.4343],
    [0,           0,           0,      1]])))

self.camera_k = np.asarray([[525.0,     0, 319.5],  # intrinsic parameters
                            [0, 525.0, 239.5],
                            [0,     0,     1]])
